# Time	[Hb]	[HbO2]	[HbO22]	[HbO23]	[HbO24]	
0	2300	0	0	0	0	
0.0416667	1766.54	457.961	68.0687	6.87623	0.552871	
0.0833333	1433.92	636.212	185.487	37.8178	6.55991	
0.125	1209.26	686.751	290.188	88.879	24.9224	
0.166667	1046.06	679.894	365.728	148.531	59.785	
0.208333	920.233	648.27	412.537	206.976	111.983	
0.25	818.716	607.046	436.14	258.114	179.984	
0.291667	734.067	563.251	442.644	299.074	260.963	
0.333333	661.795	520.101	437.259	329.213	351.633	
0.375	599.031	479.01	424	349.198	448.761	
0.416667	543.846	440.54	405.804	360.352	549.458	
0.458333	494.875	404.845	384.753	364.229	651.297	
0.5	451.117	371.886	362.295	362.361	752.341	
0.541667	411.805	341.538	339.414	356.137	851.106	
0.583333	376.341	313.638	316.767	346.747	946.506	
0.625	344.243	288.014	294.785	335.17	1037.79	
0.666667	315.117	264.492	273.732	322.191	1124.47	
0.708333	288.631	242.906	253.768	308.422	1206.27	
0.75	264.507	223.101	234.97	294.33	1283.09	
0.791667	242.505	204.932	217.368	280.261	1354.93	
0.833333	222.416	188.264	200.953	266.47	1421.9	
0.875	204.058	172.974	185.694	253.131	1484.14	
0.916667	187.268	158.948	171.546	240.364	1541.87	
0.958333	171.906	146.08	158.454	228.243	1595.32	
1	157.841	134.276	146.358	216.81	1644.72	
1.04167	144.96	123.446	135.197	206.079	1690.32	
1.08333	133.159	113.511	124.909	196.049	1732.37	
1.125	122.345	104.397	115.433	186.706	1771.12	
1.16667	112.433	96.0345	106.712	178.025	1806.79	
1.20833	103.347	88.3624	98.6898	169.978	1839.62	
1.25	95.0151	81.3236	91.3133	162.531	1869.82	
1.29167	87.375	74.8655	84.5334	155.651	1897.58	
1.33333	80.3684	68.9402	78.3036	149.301	1923.09	
1.375	73.9421	63.5038	72.5807	143.447	1946.53	
1.41667	68.0477	58.5159	67.3246	138.055	1968.06	
1.45833	62.6408	53.9394	62.498	133.091	1987.83	
1.5	57.681	49.7404	58.0664	128.524	2005.99	
1.54167	53.1309	45.8877	53.9979	124.324	2022.66	
1.58333	48.9568	42.3528	50.2633	120.463	2037.96	
1.625	45.1273	39.1094	46.8353	116.915	2052.01	
1.66667	41.614	36.1335	43.6889	113.655	2064.91	
1.70833	38.3907	33.403	40.8013	110.661	2076.74	
1.75	35.4334	30.8976	38.1511	107.912	2087.61	
1.79167	32.7201	28.5989	35.7191	105.387	2097.57	
1.83333	30.2307	26.4898	33.4873	103.069	2106.72	
1.875	27.9466	24.5545	31.4392	100.941	2115.12	
1.91667	25.851	22.7789	29.5599	98.9881	2122.82	
1.95833	23.9282	21.1496	27.8353	97.1953	2129.89	
2	22.164	19.6548	26.2529	95.5499	2136.38	
2.04167	20.5454	18.2832	24.8009	94.0399	2142.33	
2.08333	19.0602	17.0247	23.4685	92.6541	2147.79	
2.125	17.6975	15.87	22.246	91.3823	2152.8	
2.16667	16.4472	14.8105	21.1242	90.2153	2157.4	
2.20833	15.3	13.8383	20.0949	89.1444	2161.62	
2.25	14.2474	12.9464	19.1504	88.1616	2165.49	
2.29167	13.2816	12.1279	18.2838	87.2599	2169.05	
2.33333	12.3955	11.377	17.4887	86.4324	2172.31	
2.375	11.5824	10.688	16.7591	85.6732	2175.3	
2.41667	10.8364	10.0558	16.0897	84.9765	2178.04	
2.45833	10.1519	9.47571	15.4754	84.3372	2180.56	
2.5	9.52378	8.94346	14.9118	83.7507	2182.87	
2.54167	8.94751	8.45511	14.3947	83.2124	2184.99	
2.58333	8.41875	8.00703	13.9202	82.7186	2186.94	
2.625	7.9336	7.59589	13.4848	82.2655	2188.72	
2.66667	7.48844	7.21866	13.0854	81.8497	2190.36	
2.70833	7.08	6.87253	12.7188	81.4682	2191.86	
2.75	6.70525	6.55496	12.3825	81.1182	2193.24	
2.79167	6.3614	6.26356	12.074	80.797	2194.5	
2.83333	6.04589	5.99619	11.7908	80.5023	2195.66	
2.875	5.7564	5.75087	11.5311	80.2319	2196.73	
2.91667	5.49078	5.52577	11.2927	79.9838	2197.71	
2.95833	5.24707	5.31924	11.074	79.7562	2198.6	
3	5.02345	5.12974	10.8733	79.5473	2199.43	
3.04167	4.81827	4.95586	10.6892	79.3556	2200.18	
3.08333	4.63001	4.79632	10.5202	79.1798	2200.87	
3.125	4.45727	4.64994	10.3652	79.0185	2201.51	
3.16667	4.29878	4.51563	10.223	78.8704	2202.09	
3.20833	4.15336	4.3924	10.0925	78.7346	2202.63	
3.25	4.01993	4.27932	9.97275	78.6099	2203.12	
3.29167	3.8975	4.17556	9.86288	78.4956	2203.57	
3.33333	3.78516	4.08037	9.76207	78.3907	2203.98	
3.375	3.68209	3.99303	9.66957	78.2944	2204.36	
3.41667	3.58752	3.91288	9.58471	78.206	2204.71	
3.45833	3.50074	3.83935	9.50683	78.125	2205.03	
3.5	3.42113	3.77188	9.43538	78.0506	2205.32	
3.54167	3.34807	3.70997	9.36983	77.9824	2205.59	
3.58333	3.28104	3.65316	9.30968	77.9198	2205.84	
3.625	3.21954	3.60105	9.25448	77.8623	2206.06	
3.66667	3.16311	3.55323	9.20384	77.8096	2206.27	
3.70833	3.11134	3.50935	9.15738	77.7613	2206.46	
3.75	3.06383	3.46909	9.11475	77.7169	2206.64	
3.79167	3.02024	3.43215	9.07563	77.6762	2206.8	
3.83333	2.98024	3.39825	9.03973	77.6388	2206.94	
3.875	2.94354	3.36715	9.0068	77.6045	2207.08	
3.91667	2.90987	3.33862	8.97658	77.5731	2207.2	
3.95833	2.87897	3.31243	8.94886	77.5442	2207.32	
4	2.85062	3.28841	8.92342	77.5177	2207.42	
4.04167	2.82461	3.26637	8.90008	77.4934	2207.52	
4.08333	2.80075	3.24614	8.87866	77.4711	2207.6	
4.125	2.77885	3.22759	8.85901	77.4507	2207.68	
4.16667	2.75876	3.21056	8.84098	77.4319	2207.76	
4.20833	2.74032	3.19494	8.82443	77.4147	2207.83	
4.25	2.72341	3.18061	8.80925	77.3989	2207.89	
4.29167	2.70789	3.16745	8.79533	77.3844	2207.94	
4.33333	2.69365	3.15538	8.78255	77.3711	2208	
4.375	2.68058	3.14431	8.77082	77.3589	2208.05	
4.41667	2.66859	3.13415	8.76006	77.3477	2208.09	
4.45833	2.65759	3.12483	8.75019	77.3374	2208.13	
4.5	2.6475	3.11628	8.74113	77.328	2208.17	
4.54167	2.63824	3.10843	8.73282	77.3193	2208.2	
4.58333	2.62974	3.10123	8.7252	77.3114	2208.23	
4.625	2.62194	3.09462	8.7182	77.3041	2208.26	
4.66667	2.61479	3.08856	8.71178	77.2974	2208.29	
4.70833	2.60823	3.08299	8.70589	77.2913	2208.31	
4.75	2.6022	3.07789	8.70048	77.2857	2208.33	
4.79167	2.59668	3.07321	8.69553	77.2805	2208.35	
4.83333	2.59161	3.06891	8.69098	77.2758	2208.37	
4.875	2.58695	3.06497	8.6868	77.2714	2208.39	
4.91667	2.58269	3.06135	8.68297	77.2675	2208.41	
4.95833	2.57877	3.05803	8.67946	77.2638	2208.42	
5	2.57518	3.05499	8.67623	77.2604	2208.43	
