# Time	Values[Relative_Saturation]	
0	0	
0.025	0.0166443	
0.05	0.0312113	
0.075	0.044172	
0.1	0.0558847	
0.125	0.0666228	
0.15	0.0765955	
0.175	0.0859632	
0.2	0.0948497	
0.225	0.10335	
0.25	0.111539	
0.275	0.119473	
0.3	0.127198	
0.325	0.134748	
0.35	0.142151	
0.375	0.149429	
0.4	0.156598	
0.425	0.163672	
0.45	0.170661	
0.475	0.177574	
0.5	0.184418	
0.525	0.191197	
0.55	0.197915	
0.575	0.204577	
0.6	0.211184	
0.625	0.217737	
0.65	0.22424	
0.675	0.230693	
0.7	0.237096	
0.725	0.24345	
0.75	0.249756	
0.775	0.256014	
0.8	0.262225	
0.825	0.268387	
0.85	0.274502	
0.875	0.28057	
0.9	0.28659	
0.925	0.292562	
0.95	0.298487	
0.975	0.304364	
1	0.310193	
1.025	0.315974	
1.05	0.321708	
1.075	0.327394	
1.1	0.333032	
1.125	0.338622	
1.15	0.344165	
1.175	0.34966	
1.2	0.355108	
1.225	0.360508	
1.25	0.365861	
1.275	0.371167	
1.3	0.376425	
1.325	0.381637	
1.35	0.386802	
1.375	0.391921	
1.4	0.396994	
1.425	0.40202	
1.45	0.407001	
1.475	0.411936	
1.5	0.416826	
1.525	0.421671	
1.55	0.426471	
1.575	0.431226	
1.6	0.435938	
1.625	0.440605	
1.65	0.445229	
1.675	0.44981	
1.7	0.454348	
1.725	0.458842	
1.75	0.463295	
1.775	0.467706	
1.8	0.472075	
1.825	0.476402	
1.85	0.480689	
1.875	0.484934	
1.9	0.48914	
1.925	0.493305	
1.95	0.497431	
1.975	0.501517	
2	0.505564	
2.025	0.509573	
2.05	0.513543	
2.075	0.517475	
2.1	0.52137	
2.125	0.525227	
2.15	0.529047	
2.175	0.53283	
2.2	0.536577	
2.225	0.540288	
2.25	0.543964	
2.275	0.547603	
2.3	0.551208	
2.325	0.554778	
2.35	0.558314	
2.375	0.561815	
2.4	0.565283	
2.425	0.568717	
2.45	0.572118	
2.475	0.575487	
2.5	0.578822	
2.525	0.582126	
2.55	0.585397	
2.575	0.588637	
2.6	0.591846	
2.625	0.595023	
2.65	0.59817	
2.675	0.601286	
2.7	0.604372	
2.725	0.607429	
2.75	0.610455	
2.775	0.613453	
2.8	0.616421	
2.825	0.619361	
2.85	0.622272	
2.875	0.625155	
2.9	0.62801	
2.925	0.630837	
2.95	0.633637	
2.975	0.63641	
3	0.639156	
3.025	0.641875	
3.05	0.644568	
3.075	0.647235	
3.1	0.649875	
3.125	0.652491	
3.15	0.655081	
3.175	0.657646	
3.2	0.660186	
3.225	0.662701	
3.25	0.665192	
3.275	0.667659	
3.3	0.670102	
3.325	0.672521	
3.35	0.674917	
3.375	0.677289	
3.4	0.679639	
3.425	0.681965	
3.45	0.684269	
3.475	0.686551	
3.5	0.688811	
3.525	0.691049	
3.55	0.693265	
3.575	0.695459	
3.6	0.697632	
3.625	0.699784	
3.65	0.701916	
3.675	0.704026	
3.7	0.706116	
3.725	0.708186	
3.75	0.710236	
3.775	0.712266	
3.8	0.714276	
3.825	0.716266	
3.85	0.718238	
3.875	0.72019	
3.9	0.722123	
3.925	0.724038	
3.95	0.725934	
3.975	0.727811	
4	0.72967	
4.025	0.731512	
4.05	0.733335	
4.075	0.735141	
4.1	0.736929	
4.125	0.7387	
4.15	0.740453	
4.175	0.74219	
4.2	0.74391	
4.225	0.745613	
4.25	0.747299	
4.275	0.748969	
4.3	0.750623	
4.325	0.752261	
4.35	0.753883	
4.375	0.75549	
4.4	0.75708	
4.425	0.758656	
4.45	0.760216	
4.475	0.76176	
4.5	0.76329	
4.525	0.764805	
4.55	0.766306	
4.575	0.767791	
4.6	0.769263	
4.625	0.77072	
4.65	0.772163	
4.675	0.773592	
4.7	0.775007	
4.725	0.776408	
4.75	0.777796	
4.775	0.77917	
4.8	0.780531	
4.825	0.781878	
4.85	0.783213	
4.875	0.784535	
4.9	0.785844	
4.925	0.78714	
4.95	0.788423	
4.975	0.789694	
5	0.790953	
5.025	0.7922	
5.05	0.793434	
5.075	0.794657	
5.1	0.795867	
5.125	0.797066	
5.15	0.798253	
5.175	0.799429	
5.2	0.800593	
5.225	0.801746	
5.25	0.802888	
5.275	0.804019	
5.3	0.805139	
5.325	0.806248	
5.35	0.807346	
5.375	0.808433	
5.4	0.80951	
5.425	0.810577	
5.45	0.811633	
5.475	0.812679	
5.5	0.813714	
5.525	0.81474	
5.55	0.815756	
5.575	0.816761	
5.6	0.817758	
5.625	0.818744	
5.65	0.819721	
5.675	0.820688	
5.7	0.821646	
5.725	0.822595	
5.75	0.823534	
5.775	0.824465	
5.8	0.825386	
5.825	0.826299	
5.85	0.827202	
5.875	0.828097	
5.9	0.828983	
5.925	0.82986	
5.95	0.830729	
5.975	0.83159	
6	0.832442	
6.025	0.833286	
6.05	0.834122	
6.075	0.834949	
6.1	0.835769	
6.125	0.836581	
6.15	0.837384	
6.175	0.83818	
6.2	0.838968	
6.225	0.839749	
6.25	0.840522	
6.275	0.841288	
6.3	0.842046	
6.325	0.842796	
6.35	0.84354	
6.375	0.844276	
6.4	0.845005	
6.425	0.845727	
6.45	0.846442	
6.475	0.84715	
6.5	0.847851	
6.525	0.848546	
6.55	0.849233	
6.575	0.849914	
6.6	0.850589	
6.625	0.851257	
6.65	0.851918	
6.675	0.852573	
6.7	0.853221	
6.725	0.853864	
6.75	0.8545	
6.775	0.85513	
6.8	0.855753	
6.825	0.856371	
6.85	0.856983	
6.875	0.857589	
6.9	0.858188	
6.925	0.858783	
6.95	0.859371	
6.975	0.859953	
7	0.86053	
7.025	0.861102	
7.05	0.861668	
7.075	0.862228	
7.1	0.862783	
7.125	0.863332	
7.15	0.863876	
7.175	0.864415	
7.2	0.864949	
7.225	0.865477	
7.25	0.866001	
7.275	0.866519	
7.3	0.867032	
7.325	0.86754	
7.35	0.868044	
7.375	0.868542	
7.4	0.869036	
7.425	0.869525	
7.45	0.870009	
7.475	0.870488	
7.5	0.870963	
7.525	0.871433	
7.55	0.871898	
7.575	0.872359	
7.6	0.872816	
7.625	0.873268	
7.65	0.873716	
7.675	0.874159	
7.7	0.874598	
7.725	0.875033	
7.75	0.875464	
7.775	0.87589	
7.8	0.876312	
7.825	0.87673	
7.85	0.877145	
7.875	0.877555	
7.9	0.877961	
7.925	0.878363	
7.95	0.878761	
7.975	0.879156	
8	0.879546	
8.025	0.879933	
8.05	0.880316	
8.075	0.880695	
8.1	0.881071	
8.125	0.881443	
8.15	0.881811	
8.175	0.882176	
8.2	0.882538	
8.225	0.882895	
8.25	0.88325	
8.275	0.8836	
8.3	0.883948	
8.325	0.884292	
8.35	0.884633	
8.375	0.88497	
8.4	0.885304	
8.425	0.885635	
8.45	0.885963	
8.475	0.886288	
8.5	0.886609	
8.525	0.886927	
8.55	0.887242	
8.575	0.887555	
8.6	0.887864	
8.625	0.88817	
8.65	0.888473	
8.675	0.888773	
8.7	0.88907	
8.725	0.889365	
8.75	0.889656	
8.775	0.889945	
8.8	0.890231	
8.825	0.890514	
8.85	0.890794	
8.875	0.891072	
8.9	0.891347	
8.925	0.891619	
8.95	0.891889	
8.975	0.892156	
9	0.89242	
9.025	0.892682	
9.05	0.892941	
9.075	0.893198	
9.1	0.893453	
9.125	0.893704	
9.15	0.893954	
9.175	0.894201	
9.2	0.894445	
9.225	0.894688	
9.25	0.894927	
9.275	0.895165	
9.3	0.8954	
9.325	0.895633	
9.35	0.895864	
9.375	0.896092	
9.4	0.896318	
9.425	0.896542	
9.45	0.896764	
9.475	0.896984	
9.5	0.897202	
9.525	0.897417	
9.55	0.89763	
9.575	0.897842	
9.6	0.898051	
9.625	0.898258	
9.65	0.898463	
9.675	0.898667	
9.7	0.898868	
9.725	0.899067	
9.75	0.899265	
9.775	0.89946	
9.8	0.899654	
9.825	0.899845	
9.85	0.900035	
9.875	0.900223	
9.9	0.900409	
9.925	0.900594	
9.95	0.900776	
9.975	0.900957	
10	0.901136	
10.025	0.90131	
10.05	0.901477	
10.075	0.901638	
10.1	0.901793	
10.125	0.901943	
10.15	0.902088	
10.175	0.902227	
10.2	0.902363	
10.225	0.902493	
10.25	0.90262	
10.275	0.902743	
10.3	0.902861	
10.325	0.902976	
10.35	0.903087	
10.375	0.903194	
10.4	0.903297	
10.425	0.903397	
10.45	0.903494	
10.475	0.903586	
10.5	0.903676	
10.525	0.903762	
10.55	0.903845	
10.575	0.903924	
10.6	0.904001	
10.625	0.904074	
10.65	0.904143	
10.675	0.90421	
10.7	0.904274	
10.725	0.904334	
10.75	0.904392	
10.775	0.904447	
10.8	0.904498	
10.825	0.904547	
10.85	0.904593	
10.875	0.904636	
10.9	0.904677	
10.925	0.904714	
10.95	0.904749	
10.975	0.904782	
11	0.904811	
11.025	0.904838	
11.05	0.904863	
11.075	0.904884	
11.1	0.904904	
11.125	0.904921	
11.15	0.904935	
11.175	0.904947	
11.2	0.904957	
11.225	0.904964	
11.25	0.904969	
11.275	0.904972	
11.3	0.904972	
11.325	0.90497	
11.35	0.904966	
11.375	0.90496	
11.4	0.904952	
11.425	0.904942	
11.45	0.904929	
11.475	0.904915	
11.5	0.904898	
11.525	0.90488	
11.55	0.904859	
11.575	0.904837	
11.6	0.904813	
11.625	0.904787	
11.65	0.904759	
11.675	0.904729	
11.7	0.904697	
11.725	0.904664	
11.75	0.904628	
11.775	0.904592	
11.8	0.904553	
11.825	0.904513	
11.85	0.904471	
11.875	0.904427	
11.9	0.904382	
11.925	0.904335	
11.95	0.904287	
11.975	0.904237	
12	0.904185	
12.025	0.904133	
12.05	0.904078	
12.075	0.904022	
12.1	0.903965	
12.125	0.903906	
12.15	0.903846	
12.175	0.903785	
12.2	0.903722	
12.225	0.903658	
12.25	0.903592	
12.275	0.903526	
12.3	0.903457	
12.325	0.903388	
12.35	0.903318	
12.375	0.903246	
12.4	0.903173	
12.425	0.903099	
12.45	0.903023	
12.475	0.902947	
12.5	0.902869	
12.525	0.90279	
12.55	0.90271	
12.575	0.902629	
12.6	0.902547	
12.625	0.902464	
12.65	0.90238	
12.675	0.902295	
12.7	0.902209	
12.725	0.902122	
12.75	0.902033	
12.775	0.901944	
12.8	0.901854	
12.825	0.901763	
12.85	0.901671	
12.875	0.901578	
12.9	0.901484	
12.925	0.90139	
12.95	0.901294	
12.975	0.901198	
13	0.9011	
13.025	0.901002	
13.05	0.900903	
13.075	0.900803	
13.1	0.900703	
13.125	0.900602	
13.15	0.900499	
13.175	0.900397	
13.2	0.900293	
13.225	0.900188	
13.25	0.900083	
13.275	0.899977	
13.3	0.899871	
13.325	0.899764	
13.35	0.899656	
13.375	0.899547	
13.4	0.899438	
13.425	0.899328	
13.45	0.899217	
13.475	0.899106	
13.5	0.898994	
13.525	0.898881	
13.55	0.898768	
13.575	0.898654	
13.6	0.89854	
13.625	0.898425	
13.65	0.89831	
13.675	0.898194	
13.7	0.898077	
13.725	0.89796	
13.75	0.897842	
13.775	0.897724	
13.8	0.897605	
13.825	0.897486	
13.85	0.897366	
13.875	0.897246	
13.9	0.897125	
13.925	0.897003	
13.95	0.896882	
13.975	0.896759	
14	0.896637	
14.025	0.896513	
14.05	0.89639	
14.075	0.896266	
14.1	0.896141	
14.125	0.896016	
14.15	0.895891	
14.175	0.895765	
14.2	0.895639	
14.225	0.895512	
14.25	0.895385	
14.275	0.895257	
14.3	0.89513	
14.325	0.895001	
14.35	0.894873	
14.375	0.894744	
14.4	0.894615	
14.425	0.894485	
14.45	0.894355	
14.475	0.894225	
14.5	0.894094	
14.525	0.893963	
14.55	0.893831	
14.575	0.8937	
14.6	0.893568	
14.625	0.893435	
14.65	0.893303	
14.675	0.89317	
14.7	0.893036	
14.725	0.892903	
14.75	0.892769	
14.775	0.892635	
14.8	0.8925	
14.825	0.892366	
14.85	0.892231	
14.875	0.892095	
14.9	0.89196	
14.925	0.891824	
14.95	0.891688	
14.975	0.891552	
15	0.891415	
15.025	0.891278	
15.05	0.891141	
15.075	0.891004	
15.1	0.890866	
15.125	0.890729	
15.15	0.890591	
15.175	0.890453	
15.2	0.890314	
15.225	0.890176	
15.25	0.890037	
15.275	0.889898	
15.3	0.889758	
15.325	0.889619	
15.35	0.889479	
15.375	0.88934	
15.4	0.8892	
15.425	0.889059	
15.45	0.888919	
15.475	0.888778	
15.5	0.888638	
15.525	0.888497	
15.55	0.888356	
15.575	0.888214	
15.6	0.888073	
15.625	0.887931	
15.65	0.88779	
15.675	0.887648	
15.7	0.887506	
15.725	0.887363	
15.75	0.887221	
15.775	0.887079	
15.8	0.886936	
15.825	0.886793	
15.85	0.88665	
15.875	0.886507	
15.9	0.886364	
15.925	0.88622	
15.95	0.886077	
15.975	0.885933	
16	0.88579	
16.025	0.885646	
16.05	0.885502	
16.075	0.885358	
16.1	0.885214	
16.125	0.885069	
16.15	0.884925	
16.175	0.88478	
16.2	0.884636	
16.225	0.884491	
16.25	0.884346	
16.275	0.884201	
16.3	0.884056	
16.325	0.883911	
16.35	0.883766	
16.375	0.88362	
16.4	0.883475	
16.425	0.88333	
16.45	0.883184	
16.475	0.883038	
16.5	0.882892	
16.525	0.882747	
16.55	0.882601	
16.575	0.882455	
16.6	0.882309	
16.625	0.882162	
16.65	0.882016	
16.675	0.88187	
16.7	0.881723	
16.725	0.881577	
16.75	0.881431	
16.775	0.881284	
16.8	0.881137	
16.825	0.880991	
16.85	0.880844	
16.875	0.880697	
16.9	0.88055	
16.925	0.880403	
16.95	0.880256	
16.975	0.880109	
17	0.879962	
17.025	0.879815	
17.05	0.879668	
17.075	0.87952	
17.1	0.879373	
17.125	0.879226	
17.15	0.879078	
17.175	0.878931	
17.2	0.878783	
17.225	0.878636	
17.25	0.878488	
17.275	0.87834	
17.3	0.878193	
17.325	0.878045	
17.35	0.877897	
17.375	0.87775	
17.4	0.877602	
17.425	0.877454	
17.45	0.877306	
17.475	0.877158	
17.5	0.87701	
17.525	0.876862	
17.55	0.876714	
17.575	0.876566	
17.6	0.876418	
17.625	0.87627	
17.65	0.876122	
17.675	0.875974	
17.7	0.875826	
17.725	0.875677	
17.75	0.875529	
17.775	0.875381	
17.8	0.875233	
17.825	0.875085	
17.85	0.874936	
17.875	0.874788	
17.9	0.87464	
17.925	0.874491	
17.95	0.874343	
17.975	0.874195	
18	0.874046	
18.025	0.873898	
18.05	0.873749	
18.075	0.873601	
18.1	0.873453	
18.125	0.873304	
18.15	0.873156	
18.175	0.873007	
18.2	0.872859	
18.225	0.87271	
18.25	0.872562	
18.275	0.872413	
18.3	0.872265	
18.325	0.872117	
18.35	0.871968	
18.375	0.87182	
18.4	0.871671	
18.425	0.871523	
18.45	0.871374	
18.475	0.871226	
18.5	0.871077	
18.525	0.870929	
18.55	0.87078	
18.575	0.870632	
18.6	0.870483	
18.625	0.870335	
18.65	0.870186	
18.675	0.870038	
18.7	0.869889	
18.725	0.869741	
18.75	0.869592	
18.775	0.869444	
18.8	0.869295	
18.825	0.869147	
18.85	0.868998	
18.875	0.86885	
18.9	0.868701	
18.925	0.868553	
18.95	0.868404	
18.975	0.868256	
19	0.868108	
19.025	0.867959	
19.05	0.867811	
19.075	0.867663	
19.1	0.867514	
19.125	0.867366	
19.15	0.867217	
19.175	0.867069	
19.2	0.866921	
19.225	0.866772	
19.25	0.866624	
19.275	0.866476	
19.3	0.866328	
19.325	0.866179	
19.35	0.866031	
19.375	0.865883	
19.4	0.865735	
19.425	0.865587	
19.45	0.865438	
19.475	0.86529	
19.5	0.865142	
19.525	0.864994	
19.55	0.864846	
19.575	0.864698	
19.6	0.86455	
19.625	0.864402	
19.65	0.864254	
19.675	0.864105	
19.7	0.863957	
19.725	0.863809	
19.75	0.863662	
19.775	0.863514	
19.8	0.863366	
19.825	0.863218	
19.85	0.86307	
19.875	0.862922	
19.9	0.862774	
19.925	0.862626	
19.95	0.862479	
19.975	0.862331	
20	0.862183	
20.025	0.862035	
20.05	0.861888	
20.075	0.86174	
20.1	0.861592	
20.125	0.861445	
20.15	0.861297	
20.175	0.861149	
20.2	0.861002	
20.225	0.860854	
20.25	0.860707	
20.275	0.860559	
20.3	0.860412	
20.325	0.860264	
20.35	0.860117	
20.375	0.859969	
20.4	0.859822	
20.425	0.859675	
20.45	0.859527	
20.475	0.85938	
20.5	0.859233	
20.525	0.859085	
20.55	0.858938	
20.575	0.858791	
20.6	0.858644	
20.625	0.858497	
20.65	0.85835	
20.675	0.858203	
20.7	0.858055	
20.725	0.857908	
20.75	0.857761	
20.775	0.857614	
20.8	0.857467	
20.825	0.857321	
20.85	0.857174	
20.875	0.857027	
20.9	0.85688	
20.925	0.856733	
20.95	0.856586	
20.975	0.85644	
21	0.856293	
21.025	0.856146	
21.05	0.855999	
21.075	0.855853	
21.1	0.855706	
21.125	0.85556	
21.15	0.855413	
21.175	0.855267	
21.2	0.85512	
21.225	0.854974	
21.25	0.854827	
21.275	0.854681	
21.3	0.854534	
21.325	0.854388	
21.35	0.854242	
21.375	0.854096	
21.4	0.853949	
21.425	0.853803	
21.45	0.853657	
21.475	0.853511	
21.5	0.853365	
21.525	0.853218	
21.55	0.853072	
21.575	0.852926	
21.6	0.85278	
21.625	0.852634	
21.65	0.852488	
21.675	0.852343	
21.7	0.852197	
21.725	0.852051	
21.75	0.851905	
21.775	0.851759	
21.8	0.851614	
21.825	0.851468	
21.85	0.851322	
21.875	0.851177	
21.9	0.851031	
21.925	0.850885	
21.95	0.85074	
21.975	0.850594	
22	0.850449	
22.025	0.850303	
22.05	0.850158	
22.075	0.850013	
22.1	0.849867	
22.125	0.849722	
22.15	0.849577	
22.175	0.849431	
22.2	0.849286	
22.225	0.849141	
22.25	0.848996	
22.275	0.848851	
22.3	0.848706	
22.325	0.848561	
22.35	0.848415	
22.375	0.84827	
22.4	0.848126	
22.425	0.847981	
22.45	0.847836	
22.475	0.847691	
22.5	0.847546	
22.525	0.847401	
22.55	0.847257	
22.575	0.847112	
22.6	0.846967	
22.625	0.846823	
22.65	0.846678	
22.675	0.846533	
22.7	0.846389	
22.725	0.846244	
22.75	0.8461	
22.775	0.845955	
22.8	0.845811	
22.825	0.845667	
22.85	0.845522	
22.875	0.845378	
22.9	0.845234	
22.925	0.845089	
22.95	0.844945	
22.975	0.844801	
23	0.844657	
23.025	0.844513	
23.05	0.844369	
23.075	0.844225	
23.1	0.844081	
23.125	0.843937	
23.15	0.843793	
23.175	0.843649	
23.2	0.843505	
23.225	0.843361	
23.25	0.843218	
23.275	0.843074	
23.3	0.84293	
23.325	0.842787	
23.35	0.842643	
23.375	0.842499	
23.4	0.842356	
23.425	0.842212	
23.45	0.842069	
23.475	0.841925	
23.5	0.841782	
23.525	0.841638	
23.55	0.841495	
23.575	0.841352	
23.6	0.841209	
23.625	0.841065	
23.65	0.840922	
23.675	0.840779	
23.7	0.840636	
23.725	0.840493	
23.75	0.84035	
23.775	0.840207	
23.8	0.840064	
23.825	0.839921	
23.85	0.839778	
23.875	0.839635	
23.9	0.839492	
23.925	0.839349	
23.95	0.839206	
23.975	0.839064	
24	0.838921	
24.025	0.838778	
24.05	0.838636	
24.075	0.838493	
24.1	0.83835	
24.125	0.838208	
24.15	0.838065	
24.175	0.837923	
24.2	0.837781	
24.225	0.837638	
24.25	0.837496	
24.275	0.837353	
24.3	0.837211	
24.325	0.837069	
24.35	0.836927	
24.375	0.836785	
24.4	0.836642	
24.425	0.8365	
24.45	0.836358	
24.475	0.836216	
24.5	0.836074	
24.525	0.835932	
24.55	0.83579	
24.575	0.835649	
24.6	0.835507	
24.625	0.835365	
24.65	0.835223	
24.675	0.835081	
24.7	0.83494	
24.725	0.834798	
24.75	0.834656	
24.775	0.834515	
24.8	0.834373	
24.825	0.834232	
24.85	0.83409	
24.875	0.833949	
24.9	0.833807	
24.925	0.833666	
24.95	0.833525	
24.975	0.833383	
25	0.833242	
25.025	0.833101	
25.05	0.83296	
25.075	0.832818	
25.1	0.832677	
25.125	0.832536	
25.15	0.832395	
25.175	0.832254	
25.2	0.832113	
25.225	0.831972	
25.25	0.831831	
25.275	0.831691	
25.3	0.83155	
25.325	0.831409	
25.35	0.831268	
25.375	0.831127	
25.4	0.830987	
25.425	0.830846	
25.45	0.830705	
25.475	0.830565	
25.5	0.830424	
25.525	0.830284	
25.55	0.830143	
25.575	0.830003	
25.6	0.829863	
25.625	0.829722	
25.65	0.829582	
25.675	0.829442	
25.7	0.829301	
25.725	0.829161	
25.75	0.829021	
25.775	0.828881	
25.8	0.828741	
25.825	0.828601	
25.85	0.828461	
25.875	0.828321	
25.9	0.828181	
25.925	0.828041	
25.95	0.827901	
25.975	0.827761	
26	0.827621	
26.025	0.827481	
26.05	0.827342	
26.075	0.827202	
26.1	0.827062	
26.125	0.826923	
26.15	0.826783	
26.175	0.826643	
26.2	0.826504	
26.225	0.826364	
26.25	0.826225	
26.275	0.826086	
26.3	0.825946	
26.325	0.825807	
26.35	0.825668	
26.375	0.825528	
26.4	0.825389	
26.425	0.82525	
26.45	0.825111	
26.475	0.824972	
26.5	0.824832	
26.525	0.824693	
26.55	0.824554	
26.575	0.824415	
26.6	0.824276	
26.625	0.824138	
26.65	0.823999	
26.675	0.82386	
26.7	0.823721	
26.725	0.823582	
26.75	0.823444	
26.775	0.823305	
26.8	0.823166	
26.825	0.823028	
26.85	0.822889	
26.875	0.82275	
26.9	0.822612	
26.925	0.822473	
26.95	0.822335	
26.975	0.822197	
27	0.822058	
27.025	0.82192	
27.05	0.821782	
27.075	0.821643	
27.1	0.821505	
27.125	0.821367	
27.15	0.821229	
27.175	0.821091	
27.2	0.820953	
27.225	0.820815	
27.25	0.820677	
27.275	0.820539	
27.3	0.820401	
27.325	0.820263	
27.35	0.820125	
27.375	0.819987	
27.4	0.819849	
27.425	0.819712	
27.45	0.819574	
27.475	0.819436	
27.5	0.819298	
27.525	0.819161	
27.55	0.819023	
27.575	0.818886	
27.6	0.818748	
27.625	0.818611	
27.65	0.818473	
27.675	0.818336	
27.7	0.818199	
27.725	0.818061	
27.75	0.817924	
27.775	0.817787	
27.8	0.81765	
27.825	0.817512	
27.85	0.817375	
27.875	0.817238	
27.9	0.817101	
27.925	0.816964	
27.95	0.816827	
27.975	0.81669	
28	0.816553	
28.025	0.816416	
28.05	0.816279	
28.075	0.816143	
28.1	0.816006	
28.125	0.815869	
28.15	0.815732	
28.175	0.815596	
28.2	0.815459	
28.225	0.815322	
28.25	0.815186	
28.275	0.815049	
28.3	0.814913	
28.325	0.814776	
28.35	0.81464	
28.375	0.814504	
28.4	0.814367	
28.425	0.814231	
28.45	0.814095	
28.475	0.813958	
28.5	0.813822	
28.525	0.813686	
28.55	0.81355	
28.575	0.813414	
28.6	0.813278	
28.625	0.813142	
28.65	0.813006	
28.675	0.81287	
28.7	0.812734	
28.725	0.812598	
28.75	0.812462	
28.775	0.812326	
28.8	0.81219	
28.825	0.812055	
28.85	0.811919	
28.875	0.811783	
28.9	0.811648	
28.925	0.811512	
28.95	0.811377	
28.975	0.811241	
29	0.811105	
29.025	0.81097	
29.05	0.810835	
29.075	0.810699	
29.1	0.810564	
29.125	0.810429	
29.15	0.810293	
29.175	0.810158	
29.2	0.810023	
29.225	0.809888	
29.25	0.809752	
29.275	0.809617	
29.3	0.809482	
29.325	0.809347	
29.35	0.809212	
29.375	0.809077	
29.4	0.808942	
29.425	0.808808	
29.45	0.808673	
29.475	0.808538	
29.5	0.808403	
29.525	0.808268	
29.55	0.808134	
29.575	0.807999	
29.6	0.807864	
29.625	0.80773	
29.65	0.807595	
29.675	0.807461	
29.7	0.807326	
29.725	0.807192	
29.75	0.807057	
29.775	0.806923	
29.8	0.806788	
29.825	0.806654	
29.85	0.80652	
29.875	0.806386	
29.9	0.806251	
29.925	0.806117	
29.95	0.805983	
29.975	0.805849	
30	0.805715	
30.025	0.805581	
30.05	0.805447	
30.075	0.805313	
30.1	0.805179	
30.125	0.805045	
30.15	0.804911	
30.175	0.804777	
30.2	0.804643	
30.225	0.80451	
30.25	0.804376	
30.275	0.804242	
30.3	0.804109	
30.325	0.803975	
30.35	0.803841	
30.375	0.803708	
30.4	0.803574	
30.425	0.803441	
30.45	0.803307	
30.475	0.803174	
30.5	0.803041	
30.525	0.802907	
30.55	0.802774	
30.575	0.802641	
30.6	0.802508	
30.625	0.802374	
30.65	0.802241	
30.675	0.802108	
30.7	0.801975	
30.725	0.801842	
30.75	0.801709	
30.775	0.801576	
30.8	0.801443	
30.825	0.80131	
30.85	0.801177	
30.875	0.801044	
30.9	0.800911	
30.925	0.800779	
30.95	0.800646	
30.975	0.800513	
31	0.800381	
31.025	0.800248	
31.05	0.800115	
31.075	0.799983	
31.1	0.79985	
31.125	0.799718	
31.15	0.799585	
31.175	0.799453	
31.2	0.79932	
31.225	0.799188	
31.25	0.799056	
31.275	0.798923	
31.3	0.798791	
31.325	0.798659	
31.35	0.798527	
31.375	0.798395	
31.4	0.798263	
31.425	0.79813	
31.45	0.797998	
31.475	0.797866	
31.5	0.797734	
31.525	0.797603	
31.55	0.797471	
31.575	0.797339	
31.6	0.797207	
31.625	0.797075	
31.65	0.796943	
31.675	0.796812	
31.7	0.79668	
31.725	0.796548	
31.75	0.796417	
31.775	0.796285	
31.8	0.796153	
31.825	0.796022	
31.85	0.79589	
31.875	0.795759	
31.9	0.795628	
31.925	0.795496	
31.95	0.795365	
31.975	0.795234	
32	0.795102	
32.025	0.794971	
32.05	0.79484	
32.075	0.794709	
32.1	0.794577	
32.125	0.794446	
32.15	0.794315	
32.175	0.794184	
32.2	0.794053	
32.225	0.793922	
32.25	0.793791	
32.275	0.79366	
32.3	0.79353	
32.325	0.793399	
32.35	0.793268	
32.375	0.793137	
32.4	0.793006	
32.425	0.792876	
32.45	0.792745	
32.475	0.792614	
32.5	0.792484	
32.525	0.792353	
32.55	0.792223	
32.575	0.792092	
32.6	0.791962	
32.625	0.791831	
32.65	0.791701	
32.675	0.791571	
32.7	0.79144	
32.725	0.79131	
32.75	0.79118	
32.775	0.79105	
32.8	0.790919	
32.825	0.790789	
32.85	0.790659	
32.875	0.790529	
32.9	0.790399	
32.925	0.790269	
32.95	0.790139	
32.975	0.790009	
33	0.789879	
33.025	0.789749	
33.05	0.78962	
33.075	0.78949	
33.1	0.78936	
33.125	0.78923	
33.15	0.789101	
33.175	0.788971	
33.2	0.788841	
33.225	0.788712	
33.25	0.788582	
33.275	0.788453	
33.3	0.788323	
33.325	0.788194	
33.35	0.788064	
33.375	0.787935	
33.4	0.787805	
33.425	0.787676	
33.45	0.787547	
33.475	0.787418	
33.5	0.787288	
33.525	0.787159	
33.55	0.78703	
33.575	0.786901	
33.6	0.786772	
33.625	0.786643	
33.65	0.786514	
33.675	0.786385	
33.7	0.786256	
33.725	0.786127	
33.75	0.785998	
33.775	0.785869	
33.8	0.78574	
33.825	0.785612	
33.85	0.785483	
33.875	0.785354	
33.9	0.785225	
33.925	0.785097	
33.95	0.784968	
33.975	0.78484	
34	0.784711	
34.025	0.784583	
34.05	0.784454	
34.075	0.784326	
34.1	0.784197	
34.125	0.784069	
34.15	0.78394	
34.175	0.783812	
34.2	0.783684	
34.225	0.783556	
34.25	0.783427	
34.275	0.783299	
34.3	0.783171	
34.325	0.783043	
34.35	0.782915	
34.375	0.782787	
34.4	0.782659	
34.425	0.782531	
34.45	0.782403	
34.475	0.782275	
34.5	0.782147	
34.525	0.782019	
34.55	0.781892	
34.575	0.781764	
34.6	0.781636	
34.625	0.781508	
34.65	0.781381	
34.675	0.781253	
34.7	0.781126	
34.725	0.780998	
34.75	0.78087	
34.775	0.780743	
34.8	0.780616	
34.825	0.780488	
34.85	0.780361	
34.875	0.780233	
34.9	0.780106	
34.925	0.779979	
34.95	0.779851	
34.975	0.779724	
35	0.779597	
35.025	0.77947	
35.05	0.779343	
35.075	0.779216	
35.1	0.779089	
35.125	0.778962	
35.15	0.778835	
35.175	0.778708	
35.2	0.778581	
35.225	0.778454	
35.25	0.778327	
35.275	0.7782	
35.3	0.778073	
35.325	0.777947	
35.35	0.77782	
35.375	0.777693	
35.4	0.777566	
35.425	0.77744	
35.45	0.777313	
35.475	0.777187	
35.5	0.77706	
35.525	0.776934	
35.55	0.776807	
35.575	0.776681	
35.6	0.776554	
35.625	0.776428	
35.65	0.776302	
35.675	0.776175	
35.7	0.776049	
35.725	0.775923	
35.75	0.775797	
35.775	0.775671	
35.8	0.775544	
35.825	0.775418	
35.85	0.775292	
35.875	0.775166	
35.9	0.77504	
35.925	0.774914	
35.95	0.774788	
35.975	0.774663	
36	0.774537	
36.025	0.774411	
36.05	0.774285	
36.075	0.774159	
36.1	0.774034	
36.125	0.773908	
36.15	0.773782	
36.175	0.773657	
36.2	0.773531	
36.225	0.773405	
36.25	0.77328	
36.275	0.773154	
36.3	0.773029	
36.325	0.772903	
36.35	0.772778	
36.375	0.772653	
36.4	0.772527	
36.425	0.772402	
36.45	0.772277	
36.475	0.772152	
36.5	0.772026	
36.525	0.771901	
36.55	0.771776	
36.575	0.771651	
36.6	0.771526	
36.625	0.771401	
36.65	0.771276	
36.675	0.771151	
36.7	0.771026	
36.725	0.770901	
36.75	0.770776	
36.775	0.770651	
36.8	0.770527	
36.825	0.770402	
36.85	0.770277	
36.875	0.770152	
36.9	0.770028	
36.925	0.769903	
36.95	0.769778	
36.975	0.769654	
37	0.769529	
37.025	0.769405	
37.05	0.76928	
37.075	0.769156	
37.1	0.769032	
37.125	0.768907	
37.15	0.768783	
37.175	0.768659	
37.2	0.768534	
37.225	0.76841	
37.25	0.768286	
37.275	0.768162	
37.3	0.768037	
37.325	0.767913	
37.35	0.767789	
37.375	0.767665	
37.4	0.767541	
37.425	0.767417	
37.45	0.767293	
37.475	0.767169	
37.5	0.767045	
37.525	0.766922	
37.55	0.766798	
37.575	0.766674	
37.6	0.76655	
37.625	0.766427	
37.65	0.766303	
37.675	0.766179	
37.7	0.766056	
37.725	0.765932	
37.75	0.765808	
37.775	0.765685	
37.8	0.765561	
37.825	0.765438	
37.85	0.765315	
37.875	0.765191	
37.9	0.765068	
37.925	0.764944	
37.95	0.764821	
37.975	0.764698	
38	0.764575	
38.025	0.764451	
38.05	0.764328	
38.075	0.764205	
38.1	0.764082	
38.125	0.763959	
38.15	0.763836	
38.175	0.763713	
38.2	0.76359	
38.225	0.763467	
38.25	0.763344	
38.275	0.763221	
38.3	0.763098	
38.325	0.762976	
38.35	0.762853	
38.375	0.76273	
38.4	0.762607	
38.425	0.762485	
38.45	0.762362	
38.475	0.762239	
38.5	0.762117	
38.525	0.761994	
38.55	0.761872	
38.575	0.761749	
38.6	0.761627	
38.625	0.761504	
38.65	0.761382	
38.675	0.76126	
38.7	0.761137	
38.725	0.761015	
38.75	0.760893	
38.775	0.76077	
38.8	0.760648	
38.825	0.760526	
38.85	0.760404	
38.875	0.760282	
38.9	0.76016	
38.925	0.760038	
38.95	0.759916	
38.975	0.759794	
39	0.759672	
39.025	0.75955	
39.05	0.759428	
39.075	0.759306	
39.1	0.759184	
39.125	0.759063	
39.15	0.758941	
39.175	0.758819	
39.2	0.758697	
39.225	0.758576	
39.25	0.758454	
39.275	0.758333	
39.3	0.758211	
39.325	0.75809	
39.35	0.757968	
39.375	0.757847	
39.4	0.757725	
39.425	0.757604	
39.45	0.757482	
39.475	0.757361	
39.5	0.75724	
39.525	0.757118	
39.55	0.756997	
39.575	0.756876	
39.6	0.756755	
39.625	0.756634	
39.65	0.756513	
39.675	0.756392	
39.7	0.756271	
39.725	0.75615	
39.75	0.756029	
39.775	0.755908	
39.8	0.755787	
39.825	0.755666	
39.85	0.755545	
39.875	0.755424	
39.9	0.755303	
39.925	0.755183	
39.95	0.755062	
39.975	0.754941	
40	0.75482	
